% Intrinsic and Extrinsic Camera Parameters
%
% This script file can be directly excecuted under Matlab to recover the camera intrinsic and extrinsic parameters.
% IMPORTANT: This file contains neither the structure of the calibration objects nor the image coordinates of the calibration points.
%            All those complementary variables are saved in the complete matlab data file Calib_Results.mat.
% For more information regarding the calibration model visit http://www.vision.caltech.edu/bouguetj/calib_doc/


%-- Focal length:
fc = [ 573.890929260369830 ; 571.625910963980800 ];

%-- Principal point:
cc = [ 323.482858036047220 ; 267.605441332184910 ];

%-- Skew coefficient:
alpha_c = 0.000000000000000;

%-- Distortion coefficients:
kc = [ -0.038079516704305 ; 0.006374786920441 ; 0.010236000035263 ; 0.000526612401286 ; 0.000000000000000 ];

%-- Focal length uncertainty:
fc_error = [ 2.537056000973447 ; 2.507018619338448 ];

%-- Principal point uncertainty:
cc_error = [ 3.735352434595298 ; 3.105253339186266 ];

%-- Skew coefficient uncertainty:
alpha_c_error = 0.000000000000000;

%-- Distortion coefficients uncertainty:
kc_error = [ 0.011603546195437 ; 0.033665327911722 ; 0.001558176815475 ; 0.001710054811240 ; 0.000000000000000 ];

%-- Image size:
nx = 640;
ny = 480;


%-- Various other variables (may be ignored if you do not use the Matlab Calibration Toolbox):
%-- Those variables are used to control which intrinsic parameters should be optimized

n_ima = 33;						% Number of calibration images
est_fc = [ 1 ; 1 ];					% Estimation indicator of the two focal variables
est_aspect_ratio = 1;				% Estimation indicator of the aspect ratio fc(2)/fc(1)
center_optim = 1;					% Estimation indicator of the principal point
est_alpha = 0;						% Estimation indicator of the skew coefficient
est_dist = [ 1 ; 1 ; 1 ; 1 ; 0 ];	% Estimation indicator of the distortion coefficients


%-- Extrinsic parameters:
%-- The rotation (omc_kk) and the translation (Tc_kk) vectors for every calibration image and their uncertainties

%-- Image #1:
omc_1 = [ 1.858668e+00 ; 1.993931e+00 ; 3.315922e-01 ];
Tc_1  = [ -3.450965e+02 ; -1.822786e+02 ; 1.410155e+03 ];
omc_error_1 = [ 8.600202e-03 ; 1.112506e-02 ; 1.872611e-02 ];
Tc_error_1  = [ 9.541786e+00 ; 7.792501e+00 ; 9.031607e+00 ];

%-- Image #2:
omc_2 = [ 6.781966e-01 ; 2.837821e+00 ; 1.245843e-01 ];
Tc_2  = [ -7.212070e+01 ; -2.762440e+02 ; 1.518710e+03 ];
omc_error_2 = [ 5.473022e-03 ; 2.380578e-02 ; 3.273588e-02 ];
Tc_error_2  = [ 1.005894e+01 ; 8.287284e+00 ; 9.312180e+00 ];

%-- Image #3:
omc_3 = [ -2.721402e+00 ; -1.480556e+00 ; -1.745103e-01 ];
Tc_3  = [ -2.810440e+01 ; -1.383093e+02 ; 1.580484e+03 ];
omc_error_3 = [ 1.836103e-02 ; 1.213727e-02 ; 3.429471e-02 ];
Tc_error_3  = [ 1.034460e+01 ; 8.625315e+00 ; 1.132649e+01 ];

%-- Image #4:
omc_4 = [ -2.749687e+00 ; -1.368019e+00 ; -2.914060e-01 ];
Tc_4  = [ -2.243292e+01 ; -2.489425e+02 ; 1.569203e+03 ];
omc_error_4 = [ 1.567243e-02 ; 9.729521e-03 ; 2.795058e-02 ];
Tc_error_4  = [ 1.034785e+01 ; 8.618963e+00 ; 1.110587e+01 ];

%-- Image #5:
omc_5 = [ -2.733767e+00 ; -1.256267e+00 ; 1.069234e-01 ];
Tc_5  = [ 3.254595e+00 ; -4.416346e+02 ; 1.652873e+03 ];
omc_error_5 = [ 2.235304e-02 ; 1.111951e-02 ; 3.750526e-02 ];
Tc_error_5  = [ 1.112122e+01 ; 9.219351e+00 ; 1.109441e+01 ];

%-- Image #6:
omc_6 = [ 2.247394e+00 ; 2.168923e+00 ; 1.105403e-01 ];
Tc_6  = [ -3.768758e+02 ; -5.493563e+02 ; 1.529161e+03 ];
omc_error_6 = [ 1.110176e-02 ; 1.694717e-02 ; 3.101984e-02 ];
Tc_error_6  = [ 1.039147e+01 ; 8.571466e+00 ; 9.626677e+00 ];

%-- Image #7:
omc_7 = [ 2.994030e+00 ; 2.237766e-01 ; 5.573056e-01 ];
Tc_7  = [ -4.723483e+02 ; -8.074544e+01 ; 1.589826e+03 ];
omc_error_7 = [ 1.840797e-02 ; 5.645044e-03 ; 2.913280e-02 ];
Tc_error_7  = [ 1.074963e+01 ; 8.862334e+00 ; 1.251843e+01 ];

%-- Image #8:
omc_8 = [ 2.016205e+00 ; 2.056090e+00 ; -6.147516e-03 ];
Tc_8  = [ -4.853702e+02 ; -1.236256e+01 ; 1.459546e+03 ];
omc_error_8 = [ 1.811819e-02 ; 2.197617e-02 ; 3.980054e-02 ];
Tc_error_8  = [ 9.685403e+00 ; 8.224825e+00 ; 9.125217e+00 ];

%-- Image #9:
omc_9 = [ 2.420321e+00 ; 1.965520e+00 ; -4.148215e-01 ];
Tc_9  = [ 2.249953e+02 ; -3.311760e+01 ; 1.600478e+03 ];
omc_error_9 = [ 2.385218e-02 ; 1.359933e-02 ; 4.162509e-02 ];
Tc_error_9  = [ 1.062616e+01 ; 8.739886e+00 ; 1.026082e+01 ];

%-- Image #10:
omc_10 = [ -2.144684e+00 ; -1.996103e+00 ; -9.416100e-03 ];
Tc_10  = [ 2.823513e+02 ; -2.962278e+02 ; 1.480793e+03 ];
omc_error_10 = [ 1.545224e-02 ; 1.780444e-02 ; 3.212420e-02 ];
Tc_error_10  = [ 9.921543e+00 ; 8.212127e+00 ; 1.096638e+01 ];

%-- Image #11:
omc_11 = [ -1.781596e+00 ; -2.149877e+00 ; 3.654413e-02 ];
Tc_11  = [ 3.335970e+02 ; -5.688650e+02 ; 1.549308e+03 ];
omc_error_11 = [ 2.626003e-02 ; 3.286368e-02 ; 5.253664e-02 ];
Tc_error_11  = [ 1.082022e+01 ; 8.874729e+00 ; 1.142487e+01 ];

%-- Image #12:
omc_12 = [ -2.145360e+00 ; -2.213449e+00 ; -1.325648e-01 ];
Tc_12  = [ 3.803087e+02 ; -4.692766e+02 ; 1.711482e+03 ];
omc_error_12 = [ 1.206829e-02 ; 1.329949e-02 ; 2.511864e-02 ];
Tc_error_12  = [ 1.174438e+01 ; 9.589074e+00 ; 1.254985e+01 ];

%-- Image #13:
omc_13 = [ -2.164749e+00 ; -2.173729e+00 ; -4.799626e-02 ];
Tc_13  = [ 1.884188e+02 ; -3.975344e+02 ; 1.173875e+03 ];
omc_error_13 = [ 1.033279e-02 ; 1.071294e-02 ; 1.944070e-02 ];
Tc_error_13  = [ 8.043350e+00 ; 6.495702e+00 ; 7.460223e+00 ];

%-- Image #14:
omc_14 = [ -2.139678e+00 ; -2.210565e+00 ; -1.198017e-01 ];
Tc_14  = [ -3.100201e+02 ; -3.698532e+02 ; 1.910969e+03 ];
omc_error_14 = [ 3.864898e-02 ; 3.346121e-02 ; 7.700959e-02 ];
Tc_error_14  = [ 1.261099e+01 ; 1.050888e+01 ; 1.334698e+01 ];

%-- Image #15:
omc_15 = [ -2.076157e+00 ; -2.125007e+00 ; -2.137161e-01 ];
Tc_15  = [ -2.143578e+02 ; -4.519937e+02 ; 1.298878e+03 ];
omc_error_15 = [ 2.209498e-02 ; 1.868075e-02 ; 4.119125e-02 ];
Tc_error_15  = [ 8.747771e+00 ; 7.284702e+00 ; 8.862913e+00 ];

%-- Image #16:
omc_16 = [ 1.808383e+00 ; 1.934409e+00 ; 8.594328e-01 ];
Tc_16  = [ -5.266815e+02 ; -4.621616e+02 ; 1.216803e+03 ];
omc_error_16 = [ 6.877601e-03 ; 1.044356e-02 ; 1.587005e-02 ];
Tc_error_16  = [ 9.127483e+00 ; 7.197992e+00 ; 8.994067e+00 ];

%-- Image #17:
omc_17 = [ 1.693847e+00 ; 2.017982e+00 ; 3.867407e-01 ];
Tc_17  = [ -5.884866e+02 ; -2.288387e+02 ; 1.459146e+03 ];
omc_error_17 = [ 8.968217e-03 ; 1.420035e-02 ; 2.144707e-02 ];
Tc_error_17  = [ 1.036277e+01 ; 8.291586e+00 ; 9.979966e+00 ];

%-- Image #18:
omc_18 = [ 2.011805e+00 ; 2.064939e+00 ; -1.389114e-01 ];
Tc_18  = [ -4.443271e+02 ; 9.173108e+01 ; 1.486469e+03 ];
omc_error_18 = [ 1.857884e-02 ; 2.069337e-02 ; 3.921409e-02 ];
Tc_error_18  = [ 9.775532e+00 ; 8.412567e+00 ; 8.738652e+00 ];

%-- Image #19:
omc_19 = [ 2.151511e+00 ; 2.195779e+00 ; 7.094796e-02 ];
Tc_19  = [ -1.305801e+02 ; -1.298582e+01 ; 9.606707e+02 ];
omc_error_19 = [ 9.686866e-03 ; 8.332272e-03 ; 1.984364e-02 ];
Tc_error_19  = [ 6.291392e+00 ; 5.274634e+00 ; 5.648556e+00 ];

%-- Image #20:
omc_20 = [ 2.177533e+00 ; 2.159938e+00 ; -1.030180e-01 ];
Tc_20  = [ 2.861036e+01 ; -1.145549e+01 ; 8.692753e+02 ];
omc_error_20 = [ 8.383222e-03 ; 5.868230e-03 ; 1.668718e-02 ];
Tc_error_20  = [ 5.651915e+00 ; 4.742516e+00 ; 4.731624e+00 ];

%-- Image #21:
omc_21 = [ 2.182877e+00 ; 2.162335e+00 ; -2.697621e-03 ];
Tc_21  = [ -7.132382e+01 ; -1.472631e+02 ; 6.246756e+02 ];
omc_error_21 = [ 5.632856e-03 ; 5.057295e-03 ; 1.171299e-02 ];
Tc_error_21  = [ 4.111075e+00 ; 3.383635e+00 ; 3.115340e+00 ];

%-- Image #22:
omc_22 = [ 2.215325e+00 ; 2.196309e+00 ; 1.124664e-01 ];
Tc_22  = [ -7.289075e+01 ; -2.106714e+02 ; 5.962805e+02 ];
omc_error_22 = [ 5.673941e-03 ; 5.468352e-03 ; 1.139793e-02 ];
Tc_error_22  = [ 3.998441e+00 ; 3.245823e+00 ; 3.201812e+00 ];

%-- Image #23:
omc_23 = [ 2.191053e+00 ; 2.181615e+00 ; 9.174598e-02 ];
Tc_23  = [ -1.388626e+02 ; -1.692902e+02 ; 5.221180e+02 ];
omc_error_23 = [ 4.643098e-03 ; 4.583306e-03 ; 1.011795e-02 ];
Tc_error_23  = [ 3.493889e+00 ; 2.875996e+00 ; 2.812765e+00 ];

%-- Image #24:
